llinecount = 12;
llinea = [
    0.0024   -1.0000
   -0.1008   -0.9949
    0.8530    0.5219
    0.8033   -0.5956
    0.4573    0.8893
    0.9597   -0.2810
    0.9464    0.3229
    0.7046   -0.7096
   -0.0245   -0.9997
    0.8054   -0.5927
   -0.3375   -0.9413
    0.8924    0.4512
];

llinem = [
  370.0000  369.5000
  462.5000   78.0000
  152.5000  445.0000
  288.0000  344.5000
   55.0000  477.0000
  158.5000  355.5000
   74.5000  416.0000
  250.5000  567.0000
  478.5000  200.5000
  208.0000  402.5000
  199.5000  536.5000
  140.5000  554.5000
];

llinel = [
  136.9996
  150.9497
   44.7490
  103.8073
   90.3516
  291.0814
   93.2738
   48.7875
   92.9966
   86.6073
   71.5063
  129.2495
];

llineg = [
  -91.6670
   41.4556
  -93.0442
   35.7205
   28.4654
   44.1190
 -117.3354
  -66.1348
   23.8187
   38.0248
  140.6245
   46.7676
];

llinet = [
   -1.5732
   -1.4780
    2.6668
   -2.5132
    2.0486
   -2.8567
    2.7965
   -2.3909
   -1.5471
   -2.5244
   -1.2585
    2.6720
];

llined = [
 -371.8103
 -453.6179
 -325.2315
 -446.8358
 -172.4299
 -383.8855
 -366.3272
 -585.5632
 -472.9122
 -449.6087
  -24.6145
 -431.5933
];

rlinecount = 12;
rlinea = [
    0.8781   -0.4784
    1.0000    0.0061
    0.9588    0.2840
   -0.0025   -1.0000
    0.8643   -0.5029
   -0.3017   -0.9534
    0.9580   -0.2868
   -0.0987   -0.9951
    0.0133   -0.9999
   -0.2913   -0.9566
    0.3773    0.9261
    0.8554   -0.5179
];

rlinem = [
  272.5000  181.5000
   90.0000  246.0000
  132.0000  400.0000
  364.0000  242.5000
  278.5000  371.5000
  228.0000  365.0000
  181.0000  194.0000
  467.0000  124.5000
  479.0000  164.5000
  195.0000  358.0000
   40.0000  309.5000
  205.0000  221.0000
];

rlinel = [
   63.1282
  140.0217
  115.1266
  124.9947
   61.4002
   60.1246
  250.5673
  244.1823
   72.9935
  100.5756
  119.3973
   81.6327
   ];

rlineg = [
   47.0610
  -44.4967
   23.5984
  -37.2469
  -31.2939
  -34.3605
   55.0060
   43.5163
    4.0839
  113.9253
   18.3025
   54.6288
];

rlinet = [
   -2.6827
    3.1392
    2.8531
   -1.5683
   -2.5866
   -1.2583
   -2.8500
   -1.4718
   -1.5697
   -1.2952
    1.9572
   -2.5776
];

rlined = [
 -283.0282
 -245.8591
 -347.7456
 -365.4189
 -461.6322
 -105.4138
 -236.1081
 -454.1773
 -477.7967
  -90.5052
  -80.8721
 -296.4078
];
                                                     
